[3639937765,
4001793634,
4276036044,
345818503,
3463881105,
4064188498,
1439187118,
4163960606,
1598460073,
3268625007,
1467361135,
1862168827,
4003278853,
4618627718,
289527525,
2381908948,
88120936,
2933583273,
594360019,
387863902,
1842253319,
112545557,
557796643,
3117834940,
3802069480,
326437211,
1738329294,
952079549,
4226852730,
413070717,
418289618,
3584082620,
1768158818,
1240663944,
3295555474,
385077383,
2406062926,
1225482037,
3498131004,
220943019,
882018233,
766373892,
50798834,
844595055,
2025721099,
4005954283,
213129689,
2067189582,
2448201786,
2603058493,
308675900,
3604034653,
3009927668,
1758447773,
330205582,
251844728,
923730073,
1075618294,
2768366772,
2003291207,
670546228,
4289171020,
2333397314,
2730457424,
3040145237,
1599266651,
331495077,
1078001649,
3491676212,
1589430266,
2766871079,
1198110488,
3002701942,
3628218616,
917527622,
2273598488,
3374036329,
3950563095,
149529233,
1813374221,
1637038647,
2475301488,
1793280,
3729955358,
4280558082,
3743715522,
1472069930,
3333593331,
1608192929,
1182067456,
2692288517,
1339502147,
1072250251,
3690877892,
3404659884,
1370579527,
3878848879,
761093437,
698956526,
594525184,
3042287952,
423746708,
3063804453,
1575835647,
4448425144,
4300241127,
2339371179,
1941034254,
1414629746,
2908194123,
2527261411,
1981652209,
4175355180,
1565084376,
3351744027,
3037391801,
2879421755,
4682821353,
4370419003,
4344139938,
1111440101,
403214317,
2438838358,
1309273752,
1998286547,
2006427874,
4579845886,
2046198386,
2806020460,
1950023144,
4460103847,
2463701916,
2982720465,
2612581748,
4428157828,
1399955261,
1816552261,
1325651032,
1450229553,
432991265,
3746233499,
3044724570,
3866693699,
1814755082,
1065177908,
3592534300,
2246915384,
3796067396,
4146557272,
504625816,
4104428685,
3109171198,
2054348133,
1268262884,
667133608,
4757332527,
2292831674,
1459758166,
4159620298,
2631974346,
3744663511,
1947356691,
569285943,
4161273438,
3319362301,
1600183677,
3490004522,
1971974749,
1660807137,
4674112268,
2519527974,
2746906332,
463362612,
187658373,
1370489496,
3366455209,
2063765468,
3325809554,
3193234473,
1648954225,
4544213389,
902079087,
203655247,
1982736886,
255046378,
1442161073,
145949784,
1703789343,
3275664359,
4098843826,
353827295,
2477537459,
3782846665,
1631459814,
2592346732,
1902556430,
604356739,
346531848,
1779476302,
321853773,
2727752225,
176015641,
3264589965,
4811117560,
856696096,
3498734819,
1520384389,
2573967690,
4036643208,
1986597128,
2810238203,
1788168958,
3421203363,
1621873933,
1201570079,
1539387693,
2617136877,
3821564129,
374288986,
2966812179,
1355979097,
4155106946,
4300695148,
3237141798,
3621414121,
3797202994,
1984272835,
2695208827,
3171091204,
603655928,
227717437,
1795532194,
3202197203,
2950961008,
594658706,
2574527208,
4220825228,
2631589556,
936970057,
637085581,
3922892021,
3211782864,
127609031,
2935410170,
3559933722,
1343118329,
1787414310,
3067004275,
340730318,
306364852,
674606803,
2441887249,
3718605925,
2287964533,
1364196367,
51740674,
1306367259,
2240390075,
4593797006,
1116310663,
2242624045,
1205215887,
4887334001,
2912142375,
4154450928,
4845788251,
2012159726,
448297227,
667715941]
